063c	40 08 10 00 00 00 00 00	std	data
063c	60 00 00 00 00 00 00 00	std	data	
063c	70 00 00 00 00 00 00 00	std	data
063c	60 00 00 00 00 00 00 00	std	data
063c	70 00 00 00 00 00 00 00	std	data
063c	40 09 10 00 00 00 00 00	std	data
063c	60 00 00 00 00 00 00 00	std	data	
063c	70 00 00 00 00 00 00 00	std	data
063c	60 00 00 00 00 00 00 00	std	data
063c	70 00 00 00 00 00 00 00	std	data
063c	40 0a 10 00 00 00 00 00	std	data
063c	60 00 00 00 00 00 00 00	std	data	
063c	70 00 00 00 00 00 00 00	std	data
063c	60 00 00 00 00 00 00 00	std	data
063c	70 00 00 00 00 00 00 00	std	data
063c	60 00 00 00 00 00 00 00	std	data	
063c	70 00 00 00 00 00 00 00	std	data